trinucleotide	A	C	G	T
AAA	0	1.36E-09	2.36E-09	7.64E-10
AAC	0	1.07E-09	4.48E-09	1.07E-09
AAG	0	1.31E-09	3.32E-09	7.62E-10
AAT	0	1.06E-09	7.45E-09	1.16E-09
ACA	2.28E-09	0	2.22E-09	8.61E-09
ACC	4.70E-09	0	2.29E-09	8.22E-09
ACG	4.66E-09	0	3.77E-09	1.08E-07
ACT	1.77E-09	0	2.96E-09	7.11E-09
AGA	4.53E-09	3.21E-09	0	1.97E-09
AGC	6.38E-09	2.00E-09	0	1.69E-09
AGG	6.92E-09	2.40E-09	0	1.30E-09
AGT	7.11E-09	2.96E-09	0	1.77E-09
ATA	1.47E-09	1.01E-08	9.82E-10	0
ATC	2.44E-09	4.75E-09	9.59E-10	0
ATG	1.99E-09	9.81E-09	1.76E-09	0
ATT	1.16E-09	7.45E-09	1.06E-09	0
CAA	0	1.50E-09	3.26E-09	7.56E-10
CAC	0	1.40E-09	4.04E-09	1.07E-09
CAG	0	1.36E-09	4.24E-09	9.45E-10
CAT	0	1.76E-09	9.81E-09	1.99E-09
CCA	1.31E-09	0	1.66E-09	5.87E-09
CCC	1.83E-09	0	2.54E-09	7.12E-09
CCG	1.86E-09	0	3.88E-09	8.00E-08
CCT	1.30E-09	0	2.40E-09	6.92E-09
CGA	7.12E-08	4.00E-09	0	2.89E-09
CGC	7.59E-08	2.40E-09	0	5.67E-09
CGG	8.00E-08	3.88E-09	0	1.86E-09
CGT	1.08E-07	3.77E-09	0	4.66E-09
CTA	9.06E-10	4.50E-09	1.06E-09	0
CTC	9.19E-10	2.63E-09	9.72E-10	0
CTG	9.45E-10	4.24E-09	1.36E-09	0
CTT	7.62E-10	3.32E-09	1.31E-09	0
GAA	0	1.01E-09	2.44E-09	8.35E-10
GAC	0	9.79E-10	3.54E-09	1.57E-09
GAG	0	9.72E-10	2.63E-09	9.19E-10
GAT	0	9.59E-10	4.75E-09	2.44E-09
GCA	2.59E-09	0	1.55E-09	5.78E-09
GCC	3.02E-09	0	1.99E-09	7.87E-09
GCG	5.67E-09	0	2.40E-09	7.59E-08
GCT	1.69E-09	0	2.00E-09	6.38E-09
GGA	6.12E-09	2.18E-09	0	1.99E-09
GGC	7.87E-09	1.99E-09	0	3.02E-09
GGG	7.12E-09	2.54E-09	0	1.83E-09
GGT	8.22E-09	2.29E-09	0	4.70E-09
GTA	9.61E-10	5.48E-09	9.32E-10	0
GTC	1.57E-09	3.54E-09	9.79E-10	0
GTG	1.07E-09	4.04E-09	1.40E-09	0
GTT	1.07E-09	4.48E-09	1.07E-09	0
TAA	0	1.24E-09	3.93E-09	1.52E-09
TAC	0	9.32E-10	5.48E-09	9.61E-10
TAG	0	1.06E-09	4.50E-09	9.06E-10
TAT	0	9.82E-10	1.01E-08	1.47E-09
TCA	1.35E-09	0	1.96E-09	5.05E-09
TCC	1.99E-09	0	2.18E-09	6.12E-09
TCG	2.89E-09	0	4.00E-09	7.12E-08
TCT	1.97E-09	0	3.21E-09	4.53E-09
TGA	5.05E-09	1.96E-09	0	1.35E-09
TGC	5.78E-09	1.55E-09	0	2.59E-09
TGG	5.87E-09	1.66E-09	0	1.31E-09
TGT	8.61E-09	2.22E-09	0	2.28E-09
TTA	1.52E-09	3.93E-09	1.24E-09	0
TTC	8.35E-10	2.44E-09	1.01E-09	0
TTG	7.56E-10	3.26E-09	1.50E-09	0
TTT	7.64E-10	2.36E-09	1.36E-09	0
