0 2.5e-07 2.5e-07 2.5e-07
0 2.5e-07 2.5e-07 2.5e-07
0 2.5e-07 2.5e-07 2.5e-07
0 2.5e-07 2.5e-07 2.5e-07
2.5e-07 0 2.5e-07 2.5e-07
2.5e-07 0 2.5e-07 2.5e-07
2.5e-07 0 2.5e-07 5e-06
2.5e-07 0 2.5e-07 2.5e-07
2.5e-07 2.5e-07 0 2.5e-07
2.5e-07 2.5e-07 0 2.5e-07
2.5e-07 2.5e-07 0 2.5e-07
2.5e-07 2.5e-07 0 2.5e-07
2.5e-07 2.5e-07 2.5e-07 0
2.5e-07 2.5e-07 2.5e-07 0
2.5e-07 2.5e-07 2.5e-07 0
2.5e-07 2.5e-07 2.5e-07 0
0 2.5e-07 2.5e-07 2.5e-07
0 2.5e-07 2.5e-07 2.5e-07
0 2.5e-07 2.5e-07 2.5e-07
0 2.5e-07 2.5e-07 2.5e-07
2.5e-07 0 2.5e-07 2.5e-07
2.5e-07 0 2.5e-07 2.5e-07
2.5e-07 0 2.5e-07 5e-06
2.5e-07 0 2.5e-07 2.5e-07
5e-06 2.5e-07 0 2.5e-07
5e-06 2.5e-07 0 2.5e-07
5e-06 2.5e-07 0 2.5e-07
5e-06 2.5e-07 0 2.5e-07
2.5e-07 2.5e-07 2.5e-07 0
2.5e-07 2.5e-07 2.5e-07 0
2.5e-07 2.5e-07 2.5e-07 0
2.5e-07 2.5e-07 2.5e-07 0
0 2.5e-07 2.5e-07 2.5e-07
0 2.5e-07 2.5e-07 2.5e-07
0 2.5e-07 2.5e-07 2.5e-07
0 2.5e-07 2.5e-07 2.5e-07
2.5e-07 0 2.5e-07 2.5e-07
2.5e-07 0 2.5e-07 2.5e-07
2.5e-07 0 2.5e-07 5e-06
2.5e-07 0 2.5e-07 2.5e-07
2.5e-07 2.5e-07 0 2.5e-07
2.5e-07 2.5e-07 0 2.5e-07
2.5e-07 2.5e-07 0 2.5e-07
2.5e-07 2.5e-07 0 2.5e-07
2.5e-07 2.5e-07 2.5e-07 0
2.5e-07 2.5e-07 2.5e-07 0
2.5e-07 2.5e-07 2.5e-07 0
2.5e-07 2.5e-07 2.5e-07 0
0 2.5e-07 2.5e-07 2.5e-07
0 2.5e-07 2.5e-07 2.5e-07
0 2.5e-07 2.5e-07 2.5e-07
0 2.5e-07 2.5e-07 2.5e-07
2.5e-07 0 2.5e-07 2.5e-07
2.5e-07 0 2.5e-07 2.5e-07
2.5e-07 0 2.5e-07 5e-06
2.5e-07 0 2.5e-07 2.5e-07
2.5e-07 2.5e-07 0 2.5e-07
2.5e-07 2.5e-07 0 2.5e-07
2.5e-07 2.5e-07 0 2.5e-07
2.5e-07 2.5e-07 0 2.5e-07
2.5e-07 2.5e-07 2.5e-07 0
2.5e-07 2.5e-07 2.5e-07 0
2.5e-07 2.5e-07 2.5e-07 0
2.5e-07 2.5e-07 2.5e-07 0
